comandos: .word 21
.byte 31, 32, 31, 32, 31, 32, 31, 32, 31, 32, 31, 32, 31, 32, 31, 32, 31, 32, 31, 32, 31,

notas: .word 21
.byte 62, 62, 31, 31, 62, 62, 62, 62, 63, 63, 62, 62, 62, 62, 63, 63, 62, 62, 62, 62, 51

.duracoes: .word 21
.byte 2000, 1000, 1000, 1000, 1000, 1000, 2000, 1000, 1000, 1000, 1000, 1000, 2000, 1000, 1000, 1000, 1000, 1000, 2000, 1000, 1000

instrumentos: .word 21
.byte 0, 0, 0, 0, 115, 115, 0, 0, 0, 0, 115, 115, 0, 0, 0, 0, 0, 0, 0, 0, 0

volumes: .word 21
.byte 127, 127. 127. 127, 100, 100, 127, 127, 127, 127, 100, 100, 127, 127, 127, 127, 115, 115, 127, 127, 127
